198.0,214.0,34.0,81.0
153.8884518444538,189.1899317651987,35.22384399175644,79.51377126574516
132.87210826664068,205.8539210020143,34.30066338004873,78.77478967932105
119.05530605812274,219.10147290828093,33.07412985763147,78.4745081781891
141.37369018126762,191.87391290433263,31.734221352552648,79.3885705994158
127.95347849585673,206.80480155418962,31.190180459458425,78.19368058302703
137.0564358208996,184.20191288719946,30.86051130802991,77.72070120314012
121.35722161340539,200.05804388539326,30.55257032299392,76.33484759298302
147.8213303741914,193.0322102066209,30.23785148916604,75.53711919857462
155.0610718423069,195.43470489821382,29.673449577104957,74.79028106050595
147.4092730448108,211.83426354483225,29.77502271225831,73.67141965716164
121.16879691670609,187.06354197707998,30.084824760948184,72.89383584564474
106.4865275419369,202.12640726243154,29.572505752918204,71.42807651212419
125.4042971607262,191.22829664682402,29.414513970173576,71.40864680339787
104.34613384089427,206.11807234726123,29.48205826120463,70.28628954009669
92.11292966578483,219.35354071042465,28.66484768442156,69.78551615910675
82.7953611692173,222.15565336654723,28.6986186344658,69.45997927764773
79.45490473684175,227.2340011427639,28.793889161417816,69.26020244164506
77.1646083166557,229.02048044961634,28.80605634642492,69.24007285511607
75.07243340693144,230.19104902668022,28.812374721323884,69.22941246185258
91.89301783421605,185.84447222126352,29.844930994928497,68.85192550872117
100.87852545231137,178.86889178913466,29.680237856516175,68.69102105773224
70.62960933999823,173.22947098856068,29.25642396297841,68.44409819354821
90.76639688154962,171.3156574800176,28.5508649321217,68.42647579619043
96.50507164664191,165.56567131616157,28.393046842671996,67.72895266339216
96.02726089994734,161.74975386621037,29.517375989941247,66.28473203656122
94.162679595616,158.45317310194483,29.516988236970633,66.28453743258495
93.37477970552578,157.76646992205409,29.516332662460528,66.28393477919047
80.31261331632224,163.70162159966148,29.43412819416349,65.99718378451037
85.1233324915988,168.27402123114547,29.474470200971222,65.78352732854923
84.06379985826273,169.70989536127104,29.499400898475283,65.72190131980872
68.1810996106334,174.93625648219557,29.350090395198762,65.09505245289859
52.72575789109053,181.4678172584483,28.758797821100917,65.33275792676031
35.430296712978745,195.24735384848537,28.71121614900418,64.49959302610509
34.675420450913464,199.68197243988618,28.70549745311826,64.49313832163604
27.395773182905277,201.37660797240798,28.68101742248424,64.40687128300539
26.818780023614245,200.52108824889052,28.666315801422446,64.3925351969364
23.21533883289339,199.6621854857722,28.66468921451088,64.38412595667063
0.07069444925269508,183.68454943325276,28.107859054790318,64.36394182391656
-14.612718485540661,189.71701955092314,29.225436971081322,61.67944230055088
-14.615167478876693,188.87224252111392,29.230334957753385,61.668213822708985
-14.615167186812057,190.45484895643077,29.230334373624114,61.66759297973948
-14.615129564684025,190.8122949800677,29.23025912936805,61.666692872487154
-14.615246776662014,190.54978429132458,29.230493553324028,61.66338022840505
-14.615770387141467,189.31884753872384,29.231540774282934,61.66052180192014
-14.615825657673454,188.9952407734887,29.23165131534691,61.65912551536242
-14.615854743388605,188.59563654765591,29.23170948677721,61.65793335228948
-14.615865041180356,188.19077100482116,29.231730082360713,61.65656621999486
-14.615862339565917,187.47930688385156,29.231724679131833,61.65530990115828
-14.615882949745316,187.17265507941454,29.231765899490632,61.654130332370435
-14.615977147026463,186.6411690625857,29.231954294052926,61.65151687198663
33.84921461708866,216.25818128623487,28.64184939131095,61.15403798743246
12.340082555737943,227.4756147377429,29.296649158543644,59.23882440472893
9.229803862315565,226.17002578743697,29.297530050790012,59.23629261715409
35.992110095551496,233.46449178082702,28.867277935880644,59.110793896060045
26.065731403712157,242.40159085056777,28.551194911234134,58.85587752537735
6.310457754970264,212.8281631259236,29.109635732887842,56.40571377910909
8.87876643133134,213.24498589163554,29.101711483955974,56.404457483181716
8.940314878816164,212.4733283115386,29.094257129143166,56.38924326639195
10.24541967817491,212.86906589760923,29.09742295576442,56.38192912549689
13.412573796783347,213.28242587416406,29.100893763652525,56.37513048710355
15.376621303554609,215.5082894967724,29.115572569079728,56.3407521035812
17.123937162916214,215.63385193384994,29.16097132978767,56.24585307464383
18.22956474335964,216.11253371877845,29.17292173530707,56.220066531630856
18.020222911967252,214.3252398441563,29.178389731082493,56.208301932547506
18.747699018115956,211.5442466523172,29.209255547235095,56.14256176135506
18.971855482259564,212.4808984187176,29.29102377186383,55.97036692263081
18.714236628248095,212.11500463947903,29.322224140199424,55.90994199484087
19.44962317953462,211.17470222082153,29.363865373830908,55.81825142867533
18.91716081229611,212.5961788567208,29.4032319942561,55.74326180471924
18.252253406169398,213.13373855680862,29.41978434389356,55.70926090716045
17.620401199340023,211.15622640421122,29.426937491835762,55.69020560343803
18.690363247121176,210.84854224759744,29.450789793978526,55.632782435647506
19.162516886677786,210.46603848045157,29.525471004969983,55.46681202937985
18.840622822972097,210.7822836789892,29.56471198939888,55.38489760390804
18.493315207130003,210.45673608402976,29.59132413880768,55.32847624280915
18.10771256484014,210.88762272685472,29.59824224963939,55.30841155768029
16.53931210395982,210.75698223785088,29.598697069639165,55.30614052562861
16.18173274733138,210.70317940039558,29.59889133349037,55.30492226038131
16.060399418418022,209.36692035685775,29.599001627972896,55.30389784791473
17.783273225837597,208.9760639986429,29.600326519084675,55.29919731199076
18.502525838786777,209.26283099969825,29.608709143947728,55.27577972967224
18.31203992300349,209.98410864780126,29.611559867697608,55.26699199061037
17.362019488484506,210.8474741557873,29.61539161598515,55.25451118158565
16.358586499375797,211.22908197951276,29.617474440668627,55.24723066663826
16.266707296896378,211.03969059199375,29.619686768495246,55.239522262209995
16.275574128499343,211.3135822875154,29.62021522711572,55.23773738486527
17.299372266134313,211.94925713290618,29.621214141894004,55.235270683967165
17.298893050264844,212.88625625401096,29.62348338838704,55.22800790013163
17.405310105341847,214.2744615124795,29.627099686334116,55.21647351043759
17.708749948291093,215.5343331436233,29.629427869011675,55.20937716167844
17.91131665876415,216.81513829068206,29.633173012900155,55.1967635544963
18.20632812718487,217.95167815107146,29.634430297997802,55.192668389915625
19.481557146558863,218.50769265430512,29.63492040225519,55.190979025019374
21.941360212554898,217.83106536471644,29.63511502862494,55.18998031211297
23.5417217001131,216.12885061474316,29.635074932002798,55.18980561551108
23.76964197417567,213.75999841926762,29.635016469534772,55.1896149945603
23.96398272216886,211.1028729242946,29.634661648248176,55.188843515939496
25.486771732064472,209.7091258844646,29.633538203041915,55.18677393974616
26.43837394601079,208.3870301854145,29.632635205851493,55.18480425843966
27.645215024137194,206.5237701507239,29.629608071266162,55.18400103413493
27.10707316091346,204.5430510806746,29.628781149558424,55.18389656787981
27.04959450067693,203.1154497159411,29.62806088234351,55.18398483735531
25.490047023687985,199.1903535464737,29.62759559462218,55.1840437572533
23.093584246388154,196.69412148554164,29.626701721731607,55.18300383172358
21.354712834171046,194.47199593691016,29.62618689006841,55.18061062280365
19.691317060503856,189.74228129596182,29.625862186410966,55.18051193534003
18.146103312654866,185.69593118576023,29.625779313761782,55.18027563993506
16.61765840335096,182.5581949636037,29.625254362243254,55.17813539809088
16.743065983470643,183.5630718594097,29.624830417089864,55.1737758268311
16.21727432504136,184.22922273522252,29.624005992401806,55.169050116427044
16.129748497408052,184.40338545806983,29.62304429718166,55.162757818544314
15.307319030553279,183.57390456799783,29.62124111484049,55.16164762965602
14.307820260022938,183.06885251675882,29.619210118150928,55.15628325393124
14.797065145974518,181.53356424792364,29.616633990084743,55.15483282359929
14.812289986107533,178.19573922975135,29.60925637560424,55.15064944777347
16.327929283457173,176.1338177973554,29.587735061254687,55.1004729758649
16.898305807389146,173.83740033459878,29.57190083186456,55.054104352946744
17.69102469078038,170.6826818477516,29.527980203563228,54.97061081898116
17.36280329497023,168.228171946912,29.518802608583037,54.96473747033084
17.504535048696525,164.22241096780425,29.50334807830521,54.9599992814516
17.25711658467339,162.92543118412155,29.490145710678103,54.93147273431506
16.35199633827264,160.12418465644322,29.487398399066766,54.92735453784062
16.507923018423025,156.925083837028,29.484275790042012,54.92279805518056
16.650003565765658,154.32291165693613,29.47631811909522,54.909578786213935
16.481639297092883,152.2072370421323,29.44777285296826,54.89764712821785
16.99371998509249,151.34211971641582,29.415298536371512,54.884479060153154
21.210127106635248,151.16121454744666,29.32251400977769,54.47059735240279
21.73721817251716,150.85582284565123,29.30206214649226,54.45890626439745
27.060979540111994,150.9395484234695,29.26547652983287,54.269942237152826
27.043526724450622,151.4260130870652,29.2629818782362,54.26263634831968
28.00610024364436,152.87957582427555,29.255937342671597,54.25625125895453
27.74065147017509,153.1302969421222,29.250421160419315,54.22775000464938
21.636494216826936,154.78282465984904,29.18439217651504,54.062215214337236
25.75221859375256,153.94958953089665,29.15047321544944,53.975805971852914
27.12090083999758,154.172755492398,29.104049341474408,53.83043014907565
20.70069083330136,153.97765097683896,29.07503690552603,53.73168010617339
24.5837169533257,155.04921551911823,28.954631237590394,53.52770600418167
27.699464453782145,153.19564216374147,28.923572828779548,53.47657649079885
22.149321689925998,153.02723769917804,28.892072010056296,53.279795162757885
21.948596370918324,153.57205347591704,28.889353476023075,53.27026962925362
21.035363400060056,156.5383179383432,28.878072797561384,53.17201738057928
20.96002998538787,154.83740027250835,28.867804910442672,53.137136870955636
19.78392940103461,155.92166809434565,28.876637548875756,53.1076996331191
19.872561313692735,155.27802392800842,28.874772222333082,53.09685876485817
15.90409518019861,152.97969468347083,28.847391935915567,53.0573387604336
16.800773354925063,150.40278080390917,28.707485360251116,52.90205778542605
20.738051746530374,154.2141541676534,28.652918258284387,52.56221472920227
24.6356129236149,151.85179002383865,28.6135107974564,52.513448296372744
23.065343688226942,150.71838629913879,28.606108632551162,52.382085274581065
22.76930673567169,148.50719569203162,28.58906449328529,52.35653043075096
27.096310430804234,150.0335536303184,28.510843693596378,52.224331045113665
26.71825325202075,149.42673902177103,28.50556867643037,52.214668269067246
27.061329417268716,149.98129800845464,28.50039315400558,52.21104729830162
28.106528312120883,150.1715864932972,28.49649171745066,52.19741797952595
27.512166320269895,154.5357663303243,28.487716306735827,51.955080301016196
26.20989239571419,154.02582609918753,28.48641298244636,51.9375714848779
23.69307189304522,159.4378001091421,28.54680455235949,51.74690803375534
22.823985070095084,156.85724537544158,28.519795941561156,51.656727656643476
22.42619442147825,154.92090259826287,28.518134597345853,51.64740513528675
21.173856543254043,154.62230002341101,28.52274526552217,51.546963726705684
21.343547156988457,155.17753685607983,28.517729256931133,51.501214387501825
20.15624241617371,154.78360575503032,28.515374646305986,51.47936334516263
18.93924280684174,154.1834599219295,28.510032319864948,51.45311396903641
18.453255323693423,152.60306900520072,28.499260506242912,51.41292920589059
21.018528892250583,151.46358222327754,28.39067315077532,51.12469781749693
20.76098547098062,146.1316011745889,28.464648577690628,50.662733897113036
23.82198329812865,150.3698567751098,28.54912198238505,50.33889737105899
23.243222209409865,149.20737283714828,28.561613661317974,50.23639647027916
22.50686262319109,153.94748812009183,28.58621653126529,50.09330694137936
22.077547148934585,155.369454080244,28.604181722122203,50.03592745027424
18.52674269519747,155.77386426972444,28.615025630206787,49.91183229628511
14.270232933675553,159.11270066347436,28.550230097403453,49.744761982997936
13.418975812391803,156.99917718855582,28.54921355154932,49.74394132953303
13.85987681046829,153.33780443386706,28.5435535207856,49.74298164252993
13.323614919563077,148.87073568427255,28.540505407950334,49.739372140071005
14.613902894081143,148.9141847309475,28.5388405249695,49.728572377040024
16.3560267610102,149.60448751400455,28.53607434323541,49.71729173348759
16.321050365079238,149.18117123008398,28.537681037031955,49.71060561007505
17.01638998756664,148.73753924312348,28.53646664725125,49.70691896382162
17.83383920437882,148.60575760221255,28.533899227306392,49.70005683656491
17.938053470595584,147.71831259399363,28.533691802594195,49.699667092641995
17.304393903221307,148.28565564178575,28.533492059359652,49.69898988148773
17.122158451315833,147.91377319149066,28.533214395827837,49.697972572681515
17.54808117451178,147.56973383188136,28.53309661390662,49.697657103019175
15.454022779368962,148.67773059946018,28.533848825945185,49.69457231267357
14.334797185876186,147.21580937893853,28.533544548376906,49.69368731383649
14.545426835368392,144.88785007320723,28.531918220679266,49.69302786133425
14.421992081776798,146.00879440246484,28.530664961248494,49.689810028777266
12.352583784092067,149.20141480221469,28.533492844307165,49.673553451689706
11.66236087337287,149.90372473733223,28.552082443592848,49.59165744696365
11.053103596457914,150.84313596831979,28.557259933633393,49.563155681819275
10.349884966669775,150.10847963451255,28.56280576998427,49.53568235108934
8.668836258448097,149.71309487990672,28.571238072978527,49.49803980433179
9.519985954890132,150.195986376842,28.572534556788185,49.49240609863871
10.417479635576914,153.1940361193437,28.569253876666146,49.491521075915564
14.380941364273667,157.70857435849663,28.523533593863704,49.425033861525705
13.23274975581725,158.1169581572555,28.52090987184221,49.41800424437372
26.176226042817703,160.51719809044886,28.3540901256001,49.232556097194795
33.31283897163887,160.04441897671163,28.358041124952393,49.17597487554967
33.84598911601991,161.90846015951786,28.353530825661746,49.16745051050177
32.25228050380929,161.9713042515158,28.34889806991942,49.16154033377481
32.52465750320104,161.6017824040662,28.34762023547688,49.15983645768248
31.0713408637249,161.20377766568166,28.34733975710495,49.15926901728012
29.326261863240738,161.38264375669473,28.345899628800808,49.15929368835759
27.09472199858572,161.53278551608395,28.338371600542487,49.15779722697893
55.72059302811299,177.0963594555117,28.549619348616858,47.74375931821618
68.41941817729531,172.23389140152685,28.205268000447507,47.57713105698424
63.11349718112474,168.56602195343396,28.125664642141682,47.587655090346544
61.89353671366908,168.29702733982862,28.122807228130284,47.58611451714215
73.68204472750075,168.9282133085361,28.027360490628073,47.5178617947388
64.65740285170618,170.5378415506534,27.359393418242604,47.63082443434449
62.97561128491874,168.02217458622172,27.354026900099342,47.629692905291606
63.22688282170927,166.4801545577076,27.34930351841472,47.630559687325935
83.25136510606777,174.62201264209045,27.10707494212938,47.11956957752025
82.45755226593793,170.95345611460547,27.04858329279156,47.11580796055415
73.38595317887969,172.68235129395526,26.806596225208846,47.114416565782776
72.26992695697636,170.48757566698922,26.78166324306638,47.103125153088904
90.85039640431461,172.89490034246344,26.42326417382934,46.85694103498959
85.74938800933027,168.2504621875821,26.37884103002116,46.82117134865854
96.5759593741235,165.17942926656136,26.293382474018685,46.76713647887751
102.12271538930607,164.01847449798143,26.190674162220464,46.665261521637326
102.92346448012434,163.3224444308706,26.18069903184583,46.62965332280539
104.47080044492441,161.9451227320416,26.17804069973409,46.622392719227456
106.24476534087893,160.0697856144509,26.169797110827975,46.60768371084802
108.25833105585545,157.7629506426221,26.171215352048016,46.59343350374881
109.73125588085429,155.23244510467697,26.171953979867105,46.58557212785685
111.29550001693501,152.79097189431522,26.173989866183458,46.56880598601932
111.5527307590897,150.01804124029098,26.183920211841585,46.515210030121246
110.65926992757508,148.7144043145788,26.26123677710011,46.16172400338705
109.78039122739784,147.57570557208015,26.35191580163827,45.732333186916456
108.32100487837783,147.28385937665308,26.424955095518733,45.223456345783546
104.54758308937735,150.69192135862437,26.63984514797648,44.29117008173114
106.72424748438578,148.78033760442747,26.64083449989688,44.2843565014866
106.97547271473435,147.62927140921704,26.68140100935735,44.10575668937756
106.61182797913239,147.377646949133,26.696086732716605,43.997990885767855
106.34205260879024,147.5626680642129,26.701494681175998,43.95724694323819
105.92623942232666,146.6614267541046,26.705361907412797,43.921052753190175
105.46859614059919,146.26969781748946,26.709112134922602,43.87900024376821
105.08880673861691,146.91711502499638,26.71539939158873,43.83971645169439
105.86284040254495,146.5761780509045,26.71778155427985,43.826063740389465
106.53677987630289,145.76778663230067,26.722128864088187,43.80141310019542
107.17033657916554,143.99317574770953,26.723239459293676,43.79569631461393
106.77118520700056,143.41582708230123,26.72905040999112,43.77192410674182
106.24594561566617,143.46287984101923,26.735295674469874,43.738118347173874
106.10511890703003,142.58697320881677,26.73634154040588,43.731739191573006
106.07285219615865,141.5908974384228,26.736683181164242,43.72822351319901
106.23749755072733,139.9978310930091,26.737168997524318,43.72555610751451
105.86186138121455,139.33917037562318,26.738245416082496,43.717756139545884
105.71502005411995,138.63459698977522,26.73850647398303,43.714234563883124
106.12778422422436,137.31188252147874,26.738701841450133,43.70914937465212
107.61969050007716,135.96391993693555,26.73930219829863,43.703033394599075
108.7207893997871,135.74048691944114,26.737695009382875,43.69791576912835
110.3745488171665,134.08724264607187,26.738483822329158,43.69184590331503
111.52235847997613,132.83049308385245,26.73916157007414,43.68756973058894
113.79927446133226,131.11707990338857,26.739439180726137,43.68016576391049
114.63674202342908,130.05381998192493,26.743103533346776,43.654863278270305
115.58179269575274,128.10677886915784,26.745166895883308,43.64348037776689
117.1660892976879,124.83768431983684,26.745271049190713,43.63660121240131
118.8775838409625,123.0800290620754,26.745739346751023,43.62408994867308
119.2418956911025,121.59632363820535,26.748467975725166,43.60336164388634
120.28111237358678,120.40520333964874,26.747946941384033,43.578551154573766
121.94966329486112,119.93443866222752,26.747650442463293,43.571647944680784
112.55981682497332,122.34070745612243,26.535201658606056,43.61864700468761
112.15996493555357,121.92211117029353,26.53119128129474,43.615778627019836
111.54740144354312,121.6206954551175,26.527055555698027,43.61071563674812
112.23014990907674,120.3408346746787,26.52580487382971,43.60826931470641
111.49479468159826,117.94689209143054,26.52503996600895,43.60738285186924
111.96365144020876,116.97432954955693,26.519150119652075,43.60762315854738
133.62138904877065,123.69524197586244,25.386479010194332,43.05052196926643
133.19306029010008,122.28921294965365,25.386563124653833,43.04946466333134
127.935564765592,121.72177364626587,25.360973424158264,43.014126828952406
145.87208908319937,116.11241822343398,24.53516218518378,42.59555434942089
146.05999964181774,111.78757938870673,24.516544193900724,42.600587281631725
145.0856262163383,109.88747919147238,24.517252705244687,42.5972882158801
143.7249550698101,108.7831262126507,24.5165333642374,42.59568991326954
164.48441249877973,110.46602294826329,23.938120673046164,41.72531904374419
163.29568037177802,109.18760883356906,23.93715718313786,41.72432790667759
161.3924127939172,108.6419304525514,23.93628376761619,41.72302769868878
159.86598834879325,107.4498144343344,23.936036601879618,41.72273229028333
183.33885833469066,110.35729602269836,23.552304534137505,40.825588613524864
183.18115462337673,110.47391417003756,23.552486295964435,40.82481697508027
180.57397887325672,109.72280472021768,23.551502903931507,40.81870016514819
199.9152335316508,106.29911704104788,23.330526179916745,40.06233435451196
199.44865290590405,105.3059223235136,23.330388605192645,40.06202909601515
198.2613746032579,103.80324227431501,23.329704169301458,40.06177586738597
217.95816387124395,103.81778575329731,23.346453544706325,38.69310288990536
207.7586371780511,103.41867190525493,23.23923556878739,38.637015781912986
208.16984811179745,100.53536468740094,23.23639282574535,38.63380142123423
231.50111853603542,99.47422965183432,23.859210406224488,37.20667259328913
219.11466106064356,100.64502525070017,23.466683843946672,37.15585168783953
219.20543699076785,98.80813256239323,23.46253923350639,37.15281607102995
219.0304408358138,98.4013578310259,23.456406725089433,37.14755888551018
218.674309752608,96.48619997254244,23.433359529089536,37.11186798969941
218.00809899249015,95.00779655218471,23.431908135011003,37.110338477112876
217.18045384570902,93.09788054169049,23.43189459270439,37.10972281476697
215.95410910193613,91.06482560603094,23.43155778554196,37.109815058369996
214.78367640031178,88.29819757394884,23.430787007912933,37.110046811468514
214.33497458921804,84.15933014714653,23.431210404060568,37.10848955844472
212.80244198561968,82.28137059065966,23.433708854055112,37.097963034669185
210.56345812815812,82.37544223508516,23.435074491494106,37.0818160412703
208.49830370713005,82.65167033276902,23.43797196804122,37.06003072717395
207.35431204863715,83.05777004755677,23.48777011771436,36.88053460188921
206.32274282977826,83.40427124812493,23.527028550549336,36.732550039231
204.94783984763725,84.53231647093872,23.541345623229784,36.67184743387439
203.31277646877075,85.47670212775822,23.606765473690484,36.43333776078411
201.49983784130563,85.8546746823007,23.66996939831368,36.24158071484385
199.6831400752205,86.47576395583422,23.683606324526902,36.1827368759906
198.51693455343639,84.50426173201878,23.682618072288268,36.18150123039029
196.631346124445,84.57652581169975,23.684244606784723,36.16766602986013
194.76651472621091,84.87363406538509,23.685793275140114,36.160501927369985
193.6440426830343,84.92470099143418,23.68631826359299,36.157476883014404
193.77256849123071,85.734285465218,23.686491683821192,36.15582028076081
193.85635732312934,86.143793616233,23.686704447827942,36.15416479711687
193.8059340872237,86.5181956571706,23.68695666729125,36.15187342628981
194.00130165413302,87.6053138990919,23.687229582722285,36.15017784553863
194.95564387738688,88.28301053806709,23.687862510443992,36.14301934027042
195.3675427854601,88.8580102127411,23.68787533129478,36.14243453025954
195.71510184116983,89.51683695972498,23.687908012474082,36.141821837340075
195.99561915925312,90.03804481184461,23.68798148864269,36.14082492391807
196.2037782345967,90.23138855549466,23.688043534765278,36.13998196529307
196.05962590499368,89.18394966273605,23.687696727601715,36.139819667878754
195.96103362177692,88.25519233011407,23.687087661289457,36.13958832806444
194.64017765760912,88.1187944536467,23.685673340311702,36.13814701449182
193.42805148380637,87.6259472602354,23.681851566442,36.13496517775027
192.2987554033336,87.14605051310053,23.677379819764283,36.131788772842484
191.415669014465,86.94289695951313,23.670440419652632,36.123784947857835
191.17060322541153,85.84191411038529,23.66804409563327,36.12316614103236
180.51435307496564,82.50267459907778,22.66257602799479,36.358133677593905
181.35363593024493,80.12122813590375,22.663264491668638,36.356309025054024
183.35140528630117,78.58784518839079,22.666868664764316,36.346935946843885
184.01260640281455,77.90556807285466,22.68334363281787,36.32026412467821
182.4573626278264,76.74650085052879,22.6906836760803,36.303334158166614
178.32203337867261,79.91121861694819,23.39631970582101,35.26733324523139
176.5005371902614,80.43604077185907,23.398096996660115,35.26247109712226
182.34330497742587,79.89456891853195,23.41257362936246,34.871363447460894
186.70198885854649,81.33177672847923,23.512454211542586,33.89667946361371
193.57618722827513,84.59703411250749,23.247452094888022,33.7035203092657
193.66727985063358,88.19021682778805,23.39061203855046,33.01007956895113
199.25434937226598,88.31382310020095,23.321558368210457,32.954190617384214
203.01425622671096,89.21275513791072,23.08947535313762,33.01569379336084
206.1776917203645,88.44025837153255,23.10227979231371,32.89856352679314
207.7257108897007,88.39280961165377,23.122595680707324,32.74428606424135
208.11681245375402,89.14318020457806,23.12267389176925,32.74403160992201
219.22404171708897,87.16359876640601,23.940474352526127,31.588668214446034
215.40708884854286,91.18057952584009,23.888484169818543,31.43764746477345
215.63904551610557,93.90884452167651,23.904820716437495,31.29012273356811
218.73302376783766,93.10786355378,23.64076481722135,31.249715518245715
218.45142300028013,93.7231232451976,23.639644297950273,31.22027347744392
219.65780985304997,93.45185843968811,23.614924009616402,31.15098590735252
219.18845885326022,93.02193623277421,23.700043925016956,30.344226875173533
222.67622135312533,92.75813258887837,23.348547607995485,30.314262215390617
222.00173129524438,92.74567446518137,23.350043254343657,30.25248450533662
221.71619925519914,92.650611238651,23.29152373725088,30.10072267967459
220.91665086956488,93.79055922536031,23.29079131158948,30.081283745135362
219.61303794553797,94.31128956189742,23.291446915807875,30.07191683541257
218.55626620682088,94.53384018096425,23.291594463905493,30.071013818247156
218.53213797935288,94.53167079205883,23.292159283053994,30.068688867086973
219.314862823606,92.89841546163078,23.292380204021917,30.066879921162066
219.63477893322363,92.74618282464829,23.292340844340988,30.066216918778924
220.53168772749564,93.32719392051125,23.29231228491833,30.065370216478666
221.52845101174898,92.97093782251304,23.291221171733913,30.065131023925296
221.76022735174325,93.77194694899202,23.291385892773082,30.06412392800315
222.94683413831802,94.05659659928935,23.290415724011925,30.0639775190444
223.0436003735731,94.37668908399723,23.290315241860277,30.063936718959226
223.57594394213095,93.92663635530825,23.290086236534776,30.06403403434271
224.1772591142501,93.72786314997609,23.28979458782258,30.064151306585014
224.58906368255626,93.6019414093991,23.289355099857563,30.06430967502421
224.29118778486963,94.00859446101998,23.288660321496558,30.0645089233259
224.22187097741295,94.12429309323858,23.2865061710262,30.065306797819964
224.37880396122608,95.20601608148155,23.28495942251229,30.064715254393732
223.91802280106887,96.30314462342878,23.284923248773868,30.06379680308289
222.3499197130097,97.83606260223704,23.28497429641316,30.063360253806824
224.24892546813362,97.70243682694618,23.284337988344284,30.062127837799554
224.811188174365,98.85533401988697,23.284289485519007,30.06139598434292
226.15388274321543,98.36618187047499,23.28108957396865,30.060252799150444
226.33726980903074,99.22287648078813,23.279493848576603,30.059586476053767
226.7829688340804,99.60222372885745,23.270608904346517,30.057367070895655
226.4774423309804,98.98041579232657,23.264264482987638,30.057922474330038
226.59343172553676,98.55182015399745,23.254159394493666,30.059375587993884
226.13102887942375,98.62039748809502,23.251907760879682,30.059291501115702
225.51831125052314,98.98095634414805,23.243920143276547,30.058010143265307
226.58996208499534,100.00466498180627,23.24330579504141,30.057826449491852
225.98081989913402,101.52121707357546,23.24326848574139,30.057576107735073
225.76326774065757,102.435385893604,23.243251057823144,30.05743523167031
225.79983664694208,102.77620829208112,23.24221557587918,30.05351366364749
225.20559646066454,103.35934766264478,23.24163406832256,30.049195285908233
215.9773269294307,110.33931013650928,22.377780522147717,30.450721487166057
212.75874675957033,110.80501491505157,22.37805931966264,30.450056280037973
204.56563626689518,110.50149456391004,22.456529603108596,30.233572984060554
202.90406820050833,110.92352501041381,22.457606819790367,30.23107084549714
200.22533927646452,111.16408312536993,22.45771574896321,30.229949687472864
200.1750384663193,110.45528362389932,22.45861576351644,30.22735013065304
190.80078769654224,110.19547952504185,22.000295861420156,30.44375388133696
190.71290814272632,110.7462311594185,21.999643906573002,30.44313350042392
188.82595715114755,111.58019347329775,21.999887137289157,30.44265608202362
188.7681468642546,112.48369658767656,22.000818264089343,30.440938883341083
179.30786783536266,119.2172428521019,21.34233770187809,30.6463946485578
176.09602602397678,120.57276494208043,21.110454155460406,30.584032109225756
167.83041298142976,124.91844829396005,20.302278995437224,30.775186081125664
161.34638233178205,131.65577987070745,19.988918633355716,30.610241059649933
156.10276740625918,133.42138879547923,20.101491807155377,30.37280544429826
155.6873503198635,133.4667280237922,20.110221585510818,30.35843472400948
156.01504684991883,132.96114456203748,20.114031518316278,30.352425377034052
156.09967967278106,132.65798720000436,20.122850678199583,30.331203685046464
156.87491372220504,131.24736628744955,20.13206423332807,30.314454272515714
157.52068629522606,129.96263821486755,20.158117310972266,30.263043403748462
158.19704043482864,128.88736501972576,20.195111471075265,30.18907221018498
158.83939194928124,127.71580609098709,20.23155242696472,30.112497312916854
159.3930820494962,127.62358869571689,20.2847638288602,29.997680696072354
159.1361096045959,127.49234105562965,20.293665271643164,29.98019999572659
157.39985642209774,128.30047275333618,20.422373237667877,29.774435934648853
149.21267039932536,136.83874709115142,19.361217481698965,30.405891256821114
152.4883188181901,134.5189463517528,18.971979951067908,29.66459950518016
154.9941614777808,134.91782462761975,18.799357799458505,28.889406725722257
157.6789745280968,135.99333615232678,18.414333673313795,27.877768780487607
158.99721016577715,135.66251236848927,18.46867164783105,27.66144010943502
161.5184131066134,135.6161943590363,18.25092797471568,27.57293576512453
157.35225445857256,133.9171800529779,17.892428391524884,27.229805176573073
148.7265116220418,136.23717708094503,17.458409151256333,27.056859288821144
140.35984431656328,136.50144974748164,17.24499502869286,26.926798006975485
140.1317684066915,136.73496701921232,17.245063163276757,26.92599477984221
131.2153281208129,139.2802581256067,17.49047844877906,26.118271892462335
127.59232403224193,140.90500345184782,17.521614742528662,25.645815522664453
127.62335168925091,142.9210844258499,17.542483325121456,25.56715003080652
126.53228929947649,143.06246302282446,17.632224958384295,25.101314160395237
126.49131671963586,142.48561939820576,17.67916929835265,24.923260076624832
126.58411790235239,143.7461205959223,17.70573389792738,24.86854743987403
125.86647045437554,144.58691069443216,17.71034315449967,24.854583371775803
124.36858438379534,145.40504273094112,17.71067314363676,24.85280299378809
122.36993160272503,144.89977967841108,17.710448007001133,24.850793169168302
120.30595626009749,144.25247360804255,17.70759224618078,24.843555229415244
118.91772199380867,143.86956309308863,17.707158818385484,24.842105694290108
117.19449921960117,143.22861075216284,17.706164219400595,24.83929746548957
115.07245205733292,143.5844277122643,17.703536799399735,24.837876610433995
114.61105845444358,143.14338352992903,17.70353669648548,24.837542885527856
114.5760827446045,142.91208646228654,17.70245169540109,24.837254293428238
114.2210243747363,142.7910405496397,17.701646491949784,24.83704815641403
114.86769742977759,142.6129167214836,17.701561909882354,24.835994398713314
116.40260590788279,143.6246765641587,17.701609465161816,24.83587621215764
117.93881802777275,144.29360494420564,17.70175936402324,24.834214563338485
118.21594905835639,146.50045561380804,17.71162927802993,24.5766201729862
118.3172586530642,146.71356350220398,17.709859875015095,24.562806221383926
118.92259734639462,147.30811735164815,17.70870223227362,24.557318856167186
117.58258755702302,148.15042506146685,17.714268314083853,24.538347366964956
119.06440626210856,148.03389664064875,17.71760063238262,24.489803882301477
120.47509226043917,148.6888640408851,17.717902267389498,24.478722598407465
119.50296469822992,148.64400525637694,17.718011950752686,24.477737693306487
119.58732723116138,148.62586885457114,17.71999949000851,24.473471437130105
119.94933198294257,148.2865727619652,17.720438071277385,24.471007122860758
119.2975993181719,147.88445101002623,17.720471055428394,24.470546795066046
118.37209454814506,147.85769549418768,17.720742904556484,24.469058538571637
115.43441949084199,147.85718546577866,17.747908433591338,24.420806084235284
110.92663138035734,148.13918796703894,17.790013013020115,24.343704391536765
109.72112641523525,147.55108822049976,17.78988297820693,24.34349034854335
107.51484176333088,147.5040556039178,17.78910742193876,24.34186051823546
105.21470002521289,148.57254552746173,17.78891749424407,24.341505484227483
104.21352917108219,149.0520896338502,17.787331017996188,24.341966221645876
95.53949348759735,149.59659233412893,17.35515183564945,24.307796021398154
90.17737015561046,152.70065078081055,17.003327714100777,24.1391331113418
81.03591348287287,153.23426881850494,17.09043837097732,23.17002124946968
80.2513734814063,155.58092820107922,17.464131606523058,22.18864634914354
81.68230615906705,155.58835821472232,17.609754978771136,21.66395101902759
80.41235349696004,157.73739205050035,17.45056028543759,20.847784754713356
83.56721638802162,154.82117888145748,17.394175224444794,20.653059031336685
89.7731862984726,154.4915167260734,17.334558935647333,20.553922999220784
84.71451853952506,156.23683051791136,17.216025045888582,20.165273717546853
83.74285642112442,155.92100296428973,17.118872245260075,20.042970957167725
85.97283542013065,155.79692422452646,17.053935685846227,19.883724073538882
81.04277572331146,153.95185440941526,16.799335688615457,19.713358599696353
84.19641649003327,150.72862865490455,16.394616773427465,19.67728046851998
82.00073118352944,152.15564187880034,16.421272287100415,19.153086097754773
82.37166938460526,150.84363326086284,16.460812479930922,18.90605535999697
82.70501705913411,150.58706094972814,16.515313007471565,18.781331935505843
84.03677349572139,149.58426011653026,16.51900737535537,18.42193836073641
84.28506312597702,149.4536492595678,16.62903495593146,18.13607604117211
83.74910730219713,149.0165180479189,16.78945252723925,17.671659746856662
83.26464755716862,148.45732727004187,16.88142234936568,17.458719228674262
83.09489466953016,147.3523958506769,16.904761991954032,17.412556514654543
83.58844181456675,146.80303675756178,16.904117956798014,17.41214633536817
83.69850783743794,146.2579847700443,16.904677368446414,17.409294840317994
84.32472635337959,145.68256279857385,16.90468126597597,17.4091763112969
84.14213861301435,146.07581964454218,16.904461796793413,17.407009080656362
83.55614397936273,147.2006469120957,16.902828217493276,17.405803871110805
83.92638046623011,147.11736216795947,16.902580260829257,17.405388994992876
89.35733374815673,144.78681118262477,16.64731451271088,17.53700192528755
86.95852055517915,146.97785240726108,16.369588706741006,17.505497307283264
85.6007397521433,148.22035100467681,15.959442448051373,17.498563457407233
83.64751652093182,149.38269768242105,15.626618223371068,17.552818075170094
82.5639011391473,151.11615169499356,15.351350779847783,17.38260265981208
79.31300467004563,152.9902219023309,15.048796679782107,17.424721129567313
75.91648691673751,152.56324250633142,14.662590052304102,17.581105842529574
73.84985319497689,153.9160161843805,14.363802499334867,17.750128856151818
69.93745907651427,154.93780421848305,13.97550460802522,17.905210539030104
64.6224077837676,155.59734688941245,13.716991585303251,17.926273526906158
63.977030230691895,155.90350054468706,13.716851706255678,17.925100507052115
63.87180320890138,155.81378607629708,13.715630523148317,17.92375560447753
55.57098910932329,152.11099211413202,13.593215829848443,17.523083896697074
49.79675598653464,148.91394628950675,13.290280746385221,17.56360794569733
43.487967764208236,148.33076719129,12.875735532712834,17.503188230944655
42.45800981929124,145.64170680453304,12.884449840591866,17.43649336877738
40.97765444090556,145.78673278034879,12.884794586697343,17.432148086238126
40.39960298991955,145.6937818057677,12.884825825766523,17.431767832798794
40.606945253975795,144.4049349697502,12.885565167740703,17.430064064877172
39.307216786721824,144.02169811636136,12.885559354674802,17.43005786223485
38.34904783040566,143.35418207677137,12.885556439365237,17.430000019463513
33.22051236673939,143.61897768962078,13.071677812254402,16.956949506478914
27.874136710349966,144.9089623739853,13.07742217465484,16.86884410373803
22.5375662716775,144.42073449596612,12.859030154050561,16.749223490490806
21.78878525522237,144.7215904822045,12.858869442019106,16.747931098950467
20.25541041622503,144.85678007883664,12.85610913695104,16.737753806883656
15.069479089906249,147.2148016316197,12.547224757423072,16.635783977837264
11.885284933910139,146.91434244166328,12.268919839739999,16.610580061893657
8.567963690519324,146.43281884483417,12.01878621110415,16.583982370488663
5.325664779335977,146.42425862170055,11.588495651512837,16.419658454950028
2.868933135436805,146.44277004613622,11.460136982676659,16.28346577063042
-0.8467491958197746,145.91730890493017,11.4632837573114,16.212552463633667
-5.585723348943896,146.91578753136395,11.516667701987377,16.002529586529
-5.7583021051169805,146.41716159181314,11.516604210233961,16.00195971737395
-5.758240125193758,145.95183472960179,11.516480250387517,16.001124689431535
-5.758221565352715,145.49936007316492,11.51644313070543,16.000894501725455
-5.758185155352678,144.91124812487266,11.516370310705357,16.000811792970893
-5.758168457178833,144.1963376381525,11.516336914357666,16.000744279549078
-5.758130832682322,143.51308337947452,11.516261665364643,15.998249262587963
-5.75839970035566,143.324051528944,11.51679940071132,15.99615954606172
-5.758405812250877,143.3399640692976,11.516811624501754,15.996035769373085
-5.758405948152563,143.28084059325866,11.516811896305127,15.995915377309945
-5.7584439608347315,143.15632245016556,11.516887921669463,15.994633821727833
-5.758461466721276,142.93431245636154,11.516922933442553,15.99401543786834
-5.758451126620713,142.62544940719656,11.516902253241426,15.993995898304624
-5.758440390409698,141.97857511915873,11.516880780819395,15.993955683677404
-5.7584105049529315,141.56586718217392,11.516821009905863,15.993809557372426
-5.7584030390035,141.15277862219858,11.516806078007,15.993721342240086
-5.758401925935814,140.9710388678603,11.516803851871629,15.993681063128225
-5.758370505671987,140.82954122921691,11.516741011343974,15.993657155348801
-5.7583525736914085,140.41044960971274,11.516705147382817,15.99364638171525
-5.758359557896103,139.80898221833166,11.516719115792206,15.993506232378975
-5.7583373026507845,139.87315032874253,11.516674605301569,15.993491867817562
-5.758326478604754,139.63334509072882,11.516652957209509,15.993420851993141
-5.7582938146553895,139.60655509215036,11.516587629310779,15.993195050857935
-5.758269176766017,139.6017542539963,11.516538353532034,15.99302735266137
-5.758261676290365,139.09896943197975,11.51652335258073,15.992948622136987
-5.758223034058136,138.71920442125682,11.516446068116272,15.992747052834979
-5.758199650281762,138.06505674510993,11.516399300563524,15.992504445076268
-5.758190211950391,137.73405910174205,11.516380423900783,15.992406152042902
-5.758184678871539,137.27033394935196,11.516369357743079,15.992282775945396
-5.758132490774599,136.6711747259319,11.516264981549199,15.991939180167721
-5.758078937039387,136.09120445461926,11.516157874078774,15.991409594733621
-5.758049844284082,135.57183946523892,11.516099688568165,15.991267689148287
-5.7580262968754585,135.0010133410546,11.516052593750917,15.991157084848144
-5.757969266672205,134.4429279023684,11.51593853334441,15.990930819810263
-5.75792752290578,133.97296903362118,11.51585504581156,15.990758139442793
-5.757907882403594,133.3226442829569,11.515815764807188,15.990657385186617
-5.757886422646601,132.8876595516385,11.515772845293203,15.990555019458125
-5.757871612111209,132.33354762844286,11.515743224222417,15.990451238667372
-5.757853857022925,131.7107364610444,11.51570771404585,15.990372618073353
-5.7578368387073695,131.3061648462626,11.515673677414739,15.9903017920988
-5.757821937407376,130.87308745201864,11.515643874814751,15.990214708276072
-5.757787264173776,130.45159487591846,11.515574528347551,15.989989461325592
-5.75774403769357,130.0269381765406,11.51548807538714,15.989655040085436
-5.757782774904435,129.5814167134949,11.51556554980887,15.989352405626175
-5.757755280049454,129.10815846902645,11.515510560098908,15.98922661493809
-5.757771556069699,128.69525229848898,11.515543112139397,15.988860286083547
-5.757804073655631,128.17375769647776,11.515608147311262,15.988384471833577
-5.757806060355398,127.34459967303906,11.515612120710797,15.988297479732418
-5.757743699674499,126.75091059752766,11.515487399348999,15.988199830240983
-5.757691778104174,125.93254046003115,11.515383556208349,15.987837382112355
-5.757665576051147,125.29582319691443,11.515331152102293,15.987667157712576
-5.757561323371176,124.55787063010646,11.515122646742352,15.987751034690929
-5.7575260587540935,124.45853402539993,11.515052117508187,15.987707946358297
-5.757607005577425,123.60581825402848,11.51521401115485,15.986582334445734
-5.757630358185945,122.83419634478788,11.51526071637189,15.984872449046609
-5.757617791270826,122.37878737754293,11.515235582541653,15.984546722991158
-5.7576400726094565,122.07578823412938,11.515280145218913,15.984099697318282
-5.75764165913632,121.99712922709053,11.51528331827264,15.983940630573992
-5.757600961679606,121.81634314950139,11.515201923359212,15.983894564946139
-5.757525643286545,121.84513484885774,11.51505128657309,15.983703789508956
-5.7575230810607385,121.60322484196662,11.515046162121477,15.983612139997337
-5.757492399654054,121.18100155278822,11.514984799308108,15.983504174858965
-5.757467375336903,120.58976993224032,11.514934750673806,15.983332347061355
-5.757429827025269,120.81320383014364,11.514859654050538,15.983296671673273
-5.757392106993272,121.13852667127085,11.514784213986545,15.98325428379137
-5.757355707829026,121.06843391477096,11.514711415658052,15.98318002425202
-5.764212523221238,121.06410044762973,11.528425046442475,15.9071401379869
-5.766705615731618,120.71505360416076,11.533411231463235,15.887728906349576
-5.766789795664677,120.24301616973614,11.533579591329355,15.886136031515946
-5.766777017966039,119.6629108819024,11.533554035932077,15.886001052831611
-5.766787967750989,119.22724720310397,11.533575935501977,15.883376558106843
-5.766843617350433,118.65651061706937,11.533687234700865,15.882683830899303
-5.766887593320902,118.4138012696644,11.533775186641805,15.881509845493401
-5.766690982911576,118.61836606263321,11.533381965823152,15.881282487434376
-5.766531487538216,118.52195628648614,11.533062975076431,15.87981040338073
-5.766629782613945,118.22825759575244,11.53325956522789,15.87860750694745
-5.766596161090605,117.98457858674142,11.53319232218121,15.878050724325549
-5.766545178939393,117.83055043828828,11.533090357878786,15.877321672101196
-5.766576589687285,117.34284153958598,11.53315317937457,15.876756207443734
-5.766576720549899,116.83755572718535,11.533153441099797,15.876259130500932
-5.766593705030093,116.45366542439392,11.533187410060187,15.875932202628888
-5.766601887337813,116.51000315813401,11.533203774675625,15.875575049760608
-5.766601677421308,116.42921814712373,11.533203354842616,15.875236281311999
-5.766600628955764,116.06147687229374,11.533201257911529,15.87518368616607
-5.766584941870791,115.57629610550485,11.533169883741582,15.87502388891043
-5.766381927075678,114.80894081184918,11.532763854151357,15.874921668184951
-5.766360530450845,114.10247328239645,11.53272106090169,15.874609261003084
-5.7662880716097735,113.76922443299556,11.532576143219547,15.874522348865845
-5.766221192074707,113.03454486119804,11.532442384149414,15.874459628904962
-5.766233126019774,112.55111897199221,11.532466252039548,15.874047529924809
-5.766292686015619,111.82411635269266,11.532585372031239,15.87238098126196
-5.7662862583755,111.41226213450447,11.532572516751,15.87206664771035
-5.766251672047184,110.82476061126351,11.532503344094367,15.871934916169506
-5.766218924017414,110.17877803929858,11.532437848034828,15.871668500345962
-5.766064724251798,109.57879267362404,11.532129448503596,15.859877399457787
-5.766103896666812,109.18065902259772,11.532207793333624,15.85735043194866
-5.766108292843237,109.05420570676766,11.532216585686474,15.856747512322066
-5.766119762228439,108.83940484046158,11.532239524456878,15.856410868984382
-5.766157899419208,108.74266707700994,11.532315798838416,15.85594532425813
-5.766208981709093,108.81107621679975,11.532417963418187,15.854845584035711
-5.766243101515896,108.55482151009656,11.532486203031793,15.854220815942583
-5.766237900995942,108.0064237052008,11.532475801991884,15.853798031454618
-5.766127422910133,107.69001143684567,11.532254845820265,15.853555556331703
-5.766126976603316,107.27532414360441,11.532253953206633,15.853340716296733
-5.766210639176109,107.38678956629433,11.532421278352219,15.852219898873866
-5.766421534040428,107.32052776159364,11.532843068080856,15.848868625934811
-5.766439464426533,107.31233883284456,11.532878928853066,15.847955829772081
-5.766453083870599,107.48417038365008,11.532906167741197,15.847629608368095
-5.766453602767492,107.45783968759913,11.532907205534984,15.847479120805332
-5.766502141942452,107.41985537203288,11.533004283884903,15.846873344419912
-5.766383730276285,107.39906522481374,11.53276746055257,15.846783644265539
-5.766336034164606,107.84912064848704,11.532672068329212,15.846656560613702
-5.766324107239474,108.0243887048634,11.532648214478948,15.846628690706511
-5.766649606114055,107.51747505027271,11.53329921222811,15.84093500188681
-5.766676125541465,107.3502876610834,11.53335225108293,15.840652141000366
-5.766612557973682,106.45144661435079,11.533225115947364,15.840619285811421
-5.766604586688358,106.04624042844665,11.533209173376717,15.840399130745146
-5.766582813078521,105.96704219666687,11.533165626157041,15.84038140925755
-5.7665849285327235,106.03280151795495,11.533169857065447,15.84030680364199
-5.766563690379448,105.82076098099938,11.533127380758897,15.840016009181156
-5.766521609002633,105.56822778158823,11.533043218005266,15.839762276224734
-5.7664987264962875,105.6238827442456,11.532997452992575,15.839720200712973
-5.766498188587067,105.08766147395185,11.532996377174134,15.839687665578735
-5.766495061237027,104.63136504142582,11.532990122474054,15.839584407507632
-5.76648796976823,104.45674861435789,11.53297593953646,15.839545070118982
-5.766483064957543,104.05722795837515,11.532966129915087,15.839516202622049
-5.766463936730963,104.03360329141101,11.532927873461926,15.83938268635038
-5.766456201109497,104.17615083259115,11.532912402218994,15.839375368253261
-5.766445757683342,103.53639457400175,11.532891515366684,15.838732345919425
-5.766486500695063,103.19280227644326,11.532973001390125,15.83817333685321
-5.766552497878061,103.41767097478004,11.533104995756123,15.837488721046261
-5.766522939544484,103.06172929580603,11.533045879088968,15.837310793021684
-5.766505016472006,102.49917652264823,11.533010032944013,15.837206650196983
-5.766455627464783,101.94774230997079,11.532911254929566,15.836786425039152
-5.766476247565372,101.45174168968785,11.532952495130743,15.835387389897798
-5.766540586154753,101.12767940918549,11.533081172309506,15.83389857047037
-5.766485166733949,100.64921335177863,11.532970333467897,15.83356870570417
-5.7664717908013206,100.14909788057034,11.532943581602641,15.833470034435159
-5.766468403665474,100.11387357282072,11.532936807330948,15.833369065009203
-5.766437914169644,99.76288897349957,11.532875828339288,15.833341162344592
-5.766384472833544,99.24817125828872,11.532768945667089,15.832908466850753
-5.766378034101841,98.91627023199095,11.532756068203682,15.832569818152361
-5.766354785096968,98.68159472532093,11.532709570193935,15.832130998661961
-5.763827680372465,98.39271051557112,11.532851284825838,15.831714873121445
-5.766507006787722,98.21724093145156,11.533014013575444,15.830859113048279
-5.766474572758929,98.35649268368412,11.532949145517858,15.830393097043695
-5.766469961129456,98.38169966893868,11.532939922258912,15.829508395872239
-5.766424641751703,97.83040475185219,11.532849283503406,15.829485734622853
-5.725420574076827,96.56630306468371,11.532557089582792,15.829640832058564
-5.766277581553753,96.16432849910038,11.532555163107507,15.829615155962808
-5.549354653318081,95.94009113604953,11.532554200806922,15.829605252671888
-5.2963696573123045,95.66241696302615,11.532554448434652,15.829597632627499
-5.0924263391086635,95.45209844617489,11.532554257549679,15.829587402803106
-5.1273234123680895,95.25251026895099,11.532564954895557,15.829536793730853
-5.166826302166327,95.1789211204998,11.532639097383706,15.829316782713736
-5.200135889563939,95.01636806650653,11.532719133623404,15.829063933648033
-4.925050575505524,95.33917394729916,11.53298696919447,15.828532976887589
-4.597616077368169,95.71493985424958,11.533035153457938,15.828439482669843
-4.5775238238267955,96.10849316888623,11.533066038040888,15.828369510729912
-4.357258107316988,96.45522166819507,11.533093545193468,15.828310391712753
-4.532109363349636,96.59586515692226,11.533111401592413,15.828270106200591
-5.633375616487653,96.48634043845149,11.533123775803627,15.828176674027242
-5.766550261405215,96.29687869141738,11.53310052281043,15.828059032784365
-5.766543019148931,95.87226026954337,11.533086038297862,15.828018916636271
-5.76652349373267,95.59367765141909,11.53304698746534,15.827859326167482
-5.76650235865686,95.15248110543934,11.53300471731372,15.827756061162866
-5.766519446937903,94.99439549463096,11.533038893875807,15.827532566278355
-5.766515447135043,95.05914092806488,11.533030894270086,15.827372438789462
-5.76652540659384,95.05047216328299,11.53305081318768,15.827198270867214
-5.766523467643393,94.91028553624439,11.533046935286785,15.827076805200678
-5.76652662817771,94.80944798614298,11.53305325635542,15.826884727321021
-5.766608664504344,94.74933804609516,11.533217329008687,15.826295611156487
-5.766607642866564,94.65307473886725,11.533215285733128,15.82594161002031
-5.7666222286313475,94.98813407397016,11.533244457262695,15.825594789923596
-5.766621208284197,95.2801292190579,11.533242416568394,15.825246744087124
-5.766626124639259,95.43797881635707,11.533252249278519,15.825109887125702
-5.766599578882855,95.74372389151056,11.53319915776571,15.825073448805288
-5.76659908611017,95.93057559588118,11.53319817222034,15.824881503467733
-5.766566116658711,95.98819115369055,11.533132233317422,15.824853820587768
-5.766527518758801,95.82923274280638,11.533055037517602,15.82481660874292
-5.766484366173131,95.63801798640614,11.532968732346262,15.824820127862436
-5.76642437363816,95.05687026830655,11.53284874727632,15.824876608563878
-5.76638857595925,94.04254784481584,11.5327771519185,15.824876893777706
-5.7663482431200475,93.30954832714544,11.532696486240095,15.824868100406071
-5.766319830524241,91.8939701198635,11.532639661048481,15.824887573060158
-5.766215929520218,90.42042190197932,11.532431859040436,15.824952749291763
-5.766217581291099,89.61781689731097,11.532435162582198,15.8249240825573
-5.766216863561434,88.86773110145025,11.532433727122868,15.82489862132312
-5.766217761279814,88.16045669034875,11.532435522559627,15.8248717475346
-5.766211643012292,86.94132831266778,11.532423286024583,15.824876530698043
-5.766207370112113,86.50265249155225,11.532414740224226,15.824879451901712
-5.766189421965205,85.95782839980923,11.53237884393041,15.824892144016626
-5.766178134941542,85.48504115524156,11.532356269883085,15.824900455783782
-5.766170386449097,85.4274713828987,11.532340772898195,15.824905470700083
-5.766161659376639,85.4363776371847,11.532323318753278,15.824911586281809
-5.76614185073714,85.2226373398824,11.53228370147428,15.824923970427689
-5.766138561352062,85.09132876969807,11.532277122704125,15.824901230615966
-5.766131067998896,84.80374208897956,11.532262135997792,15.824856748997249
-5.766121681686041,84.60771887467965,11.532243363372082,15.824814347126061
-5.4931842450032775,84.33348319184617,11.532230807091821,15.824726404740932
-5.547434899792386,83.94759013967645,11.53222011742058,15.824650896283591
-5.52885117830962,83.64103674405796,11.532211543661953,15.82457871909102
-5.766095299550764,83.17071711420856,11.532190599101527,15.824521322085884
-5.766087281226196,82.97230022589581,11.532174562452392,15.824495065437679
-5.766080944893031,82.61527990185067,11.532161889786062,15.824437200401574
-5.766074537005091,82.2575313123514,11.532149074010182,15.824379784406528
-5.766065616649742,82.13608874333933,11.532131233299484,15.824346490671793
-5.766063031677802,82.11370462558129,11.532126063355603,15.824330701830055
