1
0.7411764860153198
0.8633093237876892
0.6109191179275513
0.2954048216342926
0.2156057506799698
0.15175096690654755
0.03135888651013374
0.0198105089366436
0.0
0.0
0.0
0.2879205644130707
0.219321146607399
0.4932735562324524
0.5508981943130493
0.40738534927368164
0.27586206793785095
0.5616065263748169
0.674452543258667
0.7184035181999207
0.4896104037761688
0.3768458366394043
0.4391467869281769
0.4658147096633911
0.4395742118358612
0.0
0.0047536734491586685
0.0
0.0
0.0
0.0
0.0
0.0
0.0
0.6818181872367859
0.35756853222846985
0.3479290008544922
0.29948660731315613
0.4140285551548004
0.44359949231147766
0.46683838963508606
0.05517241358757019
0.058091286569833755
0.02175883948802948
0.03870967775583267
0.03536977618932724
0.03799185901880264
0.02501116506755352
0.03146067261695862
0.5148515105247498
0.17640918493270874
0.1318022906780243
0.60215824842453
0.19967086613178253
0.1905280351638794
0.2139330804347992
0.18923327326774597
0.014005602337419987
0.0
0.0
0.0
0.020676691085100174
0.011644154787063599
0.06106497347354889
0.075838603079319
0.08763144910335541
0.10141988098621368
0.1372854858636856
0.13357973098754883
0.13312852382659912
0.11556240171194077
0.1449657380580902
0.0
0.0
0.0
0.0
0.0
0.0
0.0
0.0
0.0
0.0
0.0
0.0
0.0
0.025495750829577446
0.03231939300894737
0.03824091702699661
0.028409091755747795
0.5648688077926636
0.5098453164100647
0.36818182468414307
0.3082613945007324
0.16370490193367004
0.14702703058719635
0.12752391397953033
0.10108303278684616
0.0803709402680397
0.08431272208690643
0.618650496006012
0.31806614995002747
0.16971713304519653
0.09389671683311462
0.5102040767669678
0.30150753259658813
0.42362526059150696
0.34575164318084717
0.29743269085884094
0.18467696011066437
0.16930022835731506
0.11939492076635361
0.10597825795412064
0.6235385537147522
0.42706871032714844
0.3309066891670227
0.2776365876197815
0.2542372941970825
0.22795440256595612
0.1617562174797058
0.14935429394245148
0.1316826045513153
0.1210295706987381
0.15297450125217438
0.14034122228622437
0.13370473682880402
0.12368857115507126
0.10657966136932373
0.10597825795412064
0.17327293753623962
0.16782811284065247
0.1409691572189331
0.12430939078330994
0.12368857115507126
0.11384783685207367
0.09830693900585175
0.075581394135952
0.06936416029930115
0.05786428228020668
0.0516795851290226
0.0451977401971817
0.0401606410741806
0.025037556886672974
0.02982107363641262
0.02675916813313961
0.01771255023777485
0.014962593093514442
0.012437811121344566
0.007877892814576626
0.008924144320189953
0.004909180104732513
0.002492522355169058
0.0
0.0
0.0
0.0
0.0
0.0
0.0
0.0
0.0
0.0
0.0
0.0
0.0
0.0
0.0
0.0
0.0
0.0
0.0
0.0
0.0
0.0
0.0
0.0
0.0
0.0
0.0
0.0
0.0
0.0
0.0
0.0
0.0
0.0
0.0
0.0
0.0
0.0
0.0
0.0
0.0
0.0
0.0
0.0
0.0
0.0
0.0
0.0
0.0
0.0
0.0
0.0
0.0
0.0
0.0
0.0
0.0
0.0
0.0
0.0
0.0
0.0
0.0
0.0
0.0
0.0
0.0
0.0
0.0
0.0
0.0
0.0
0.0
0.0
0.0
0.0
0.0
0.0
0.0
0.0
0.0
0.0
0.0
0.0
0.0
0.0
0.0
0.0
0.0
0.0
0.0
0.0
0.0
0.0
0.0
0.0
0.0
0.0
0.0
0.0
0.0
0.0
0.0
0.0
0.0
0.0
0.0
0.0
0.0
0.0
0.0
0.0
0.0
0.0
0.0
0.0
0.0
0.0
0.0
0.0
0.0
0.0
0.0
0.0
0.0
0.0
0.0
0.0
0.0
0.0
0.0
0.0
0.0
0.0
0.0
0.0
0.0
0.0
0.0
0.0
0.0
0.0
0.0
0.0
0.0
0.0
0.0
0.0
0.0
0.0
0.0
0.0
0.0
0.0
0.0
0.0
0.0
0.0
0.0
0.0
0.0
0.0
0.0
0.0
0.0
0.0
0.0
0.0
0.0
0.0
0.0
0.0
0.0
0.0
0.0
0.0
0.0
0.0
0.0
0.0
0.0
0.0
0.0
0.0
0.0
0.0
0.0
0.0
0.0
0.0
0.0
0.0
0.0
0.0
0.0
0.0
0.0
0.0
0.0
0.0
0.0
0.0
0.0
0.0
0.0
0.0
0.0
0.0
0.0
0.0
0.0
0.0
0.0
0.0
0.0
0.0
0.0
0.0
0.0
0.0
0.0
0.0
0.0
0.0
0.0
0.0
0.0
0.0
0.0
0.0
0.0
0.0
0.0
0.0
0.0
0.0
0.0
0.0
0.0
0.0
0.0
0.0
0.0
0.0
0.0
0.0
0.0
0.0
0.0
0.0
0.0
0.0
0.0
0.0
0.0
0.0
